Messreihe Frequenzsweep Ladestrom Akku: AC ist Effektivwert
Frequenz Start/Stopp: 50/10000 Hz, Sin-Min: 10 mA, Sin-Max: 60 mA

t [s]; U_DC [v]; I_DC [mA]; R_DC [Ohm]; U_AC [v]; I_AC [mA]; R_Diff [Ohm]; C [mAh] 

12;50;1.472;19.8965;73.977;0.019922;17.2589;1.1543; 0.0
14;100;1.482;19.8967;74.487;0.018600;17.2525;1.0781; 0.1
17;150;1.482;19.9743;74.202;0.018123;17.2167;1.0526; 0.1
19;200;1.483;20.0244;74.040;0.017827;17.2770;1.0318; 0.2
22;250;1.483;19.9882;74.197;0.017544;17.2682;1.0160; 0.2
25;300;1.484;19.8605;74.703;0.017140;17.2492;0.9937; 0.2
27;350;1.484;19.9222;74.469;0.017386;17.2400;1.0085; 0.3
30;400;1.485;19.9156;74.549;0.017382;17.2443;1.0080; 0.3
32;450;1.485;19.8600;74.782;0.016662;17.2347;0.9667; 0.4
35;500;1.485;19.8977;74.654;0.016734;17.2528;0.9700; 0.4
38;550;1.486;19.9954;74.292;0.016978;17.2179;0.9860; 0.4
40;600;1.486;20.0163;74.237;0.016961;17.2103;0.9855; 0.5
43;650;1.487;20.0092;74.311;0.016516;17.1979;0.9604; 0.5
46;700;1.487;20.0516;74.168;0.016594;17.1907;0.9653; 0.6
48;750;1.488;19.9715;74.495;0.016926;17.2091;0.9836; 0.6
51;800;1.487;19.8851;74.798;0.016742;17.2321;0.9715; 0.6
53;850;1.489;20.0353;74.301;0.016199;17.1958;0.9421; 0.7
56;900;1.488;19.9451;74.622;0.016591;17.2190;0.9635; 0.7
59;950;1.489;19.9415;74.650;0.016544;17.2119;0.9612; 0.8
61;1000;1.489;19.9057;74.798;0.016555;17.2276;0.9609; 0.8
64;1050;1.490;19.9404;74.719;0.016621;17.2137;0.9656; 0.8
66;1100;1.491;20.0922;74.209;0.016198;17.1532;0.9443; 0.9
69;1150;1.491;20.1690;73.909;0.016257;17.1232;0.9494; 0.9
72;1200;1.492;20.0576;74.380;0.016116;17.1653;0.9389; 1.0
74;1250;1.491;19.9191;74.835;0.016432;17.2068;0.9550; 1.0
77;1300;1.492;20.1472;74.039;0.016048;17.1278;0.9370; 1.0
80;1350;1.492;19.9873;74.644;0.016063;17.1862;0.9346; 1.1
82;1400;1.492;20.0025;74.603;0.016495;17.1678;0.9608; 1.1
85;1450;1.493;20.2000;73.916;0.015737;17.0912;0.9208; 1.2
87;1500;1.494;20.1788;74.014;0.015973;17.1020;0.9340; 1.2
90;1550;1.493;20.0988;74.294;0.015979;17.1219;0.9333; 1.2
93;1600;1.493;20.1020;74.282;0.016143;17.1257;0.9426; 1.3
95;1650;1.494;20.1263;74.219;0.015956;17.1037;0.9329; 1.3
98;1700;1.494;20.2113;73.912;0.016154;17.0678;0.9465; 1.4
100;1750;1.495;20.0487;74.566;0.016062;17.1234;0.9380; 1.4
103;1800;1.494;20.1109;74.299;0.016092;17.1009;0.9410; 1.4
106;1850;1.494;19.9598;74.875;0.015996;17.1491;0.9328; 1.5
108;1900;1.495;20.1398;74.249;0.015605;17.0856;0.9133; 1.5
111;1950;1.496;20.0850;74.465;0.015657;17.1028;0.9155; 1.6
114;2000;1.495;19.9424;74.975;0.015913;17.1542;0.9277; 1.6
116;2050;1.496;20.2202;73.970;0.015893;17.0456;0.9324; 1.6
119;2100;1.497;20.2453;73.958;0.015706;17.0302;0.9223; 1.7
121;2150;1.497;20.1713;74.202;0.015590;17.0472;0.9145; 1.7
124;2200;1.496;20.1587;74.226;0.016036;17.0501;0.9405; 1.8
127;2250;1.497;20.1549;74.260;0.015869;17.0471;0.9309; 1.8
129;2300;1.497;20.1661;74.220;0.016023;17.0367;0.9405; 1.8
132;2350;1.497;20.2050;74.106;0.015767;17.0145;0.9267; 1.9
134;2400;1.498;20.2889;73.829;0.015590;16.9859;0.9178; 1.9
137;2450;1.498;20.3729;73.545;0.016144;16.9448;0.9528; 2.0
140;2500;1.498;19.9925;74.929;0.015629;17.0668;0.9157; 2.0
142;2550;1.498;20.0043;74.861;0.015881;17.0720;0.9302; 2.0
145;2600;1.498;20.1638;74.308;0.015644;17.0102;0.9197; 2.1
147;2650;1.499;20.3348;73.692;0.015876;16.9375;0.9374; 2.1
150;2700;1.499;20.0265;74.826;0.015809;17.0568;0.9269; 2.2
153;2750;1.499;20.1126;74.521;0.015594;17.0154;0.9165; 2.2
155;2800;1.500;20.3279;73.795;0.015637;16.9267;0.9238; 2.2
158;2850;1.499;20.0483;74.777;0.015760;17.0230;0.9258; 2.3
161;2900;1.499;20.1885;74.263;0.015740;16.9565;0.9283; 2.3
163;2950;1.500;20.5003;73.171;0.015731;16.8413;0.9341; 2.4
166;3000;1.500;20.2574;74.062;0.015562;16.9325;0.9191; 2.4
168;3050;1.500;20.4166;73.480;0.015721;16.8577;0.9325; 2.4
171;3100;1.501;20.1854;74.349;0.015391;16.9512;0.9080; 2.5
174;3150;1.501;20.3595;73.722;0.015932;16.8724;0.9442; 2.5
176;3200;1.501;20.1548;74.466;0.015535;16.9350;0.9174; 2.6
179;3250;1.502;20.4346;73.479;0.015238;16.8224;0.9058; 2.6
181;3300;1.502;20.2060;74.315;0.015307;16.8857;0.9065; 2.7
184;3350;1.502;20.5348;73.149;0.015170;16.7866;0.9037; 2.7
187;3400;1.502;20.3745;73.698;0.015723;16.8487;0.9332; 2.7
189;3450;1.503;20.6650;72.718;0.015131;16.7221;0.9048; 2.8
192;3500;1.503;20.5075;73.302;0.015579;16.7588;0.9296; 2.8
194;3550;1.501;20.1298;74.590;0.015830;16.8945;0.9370; 2.9
197;3600;1.502;20.4647;73.404;0.015567;16.7698;0.9283; 2.9
200;3650;1.502;20.3035;73.989;0.015712;16.8103;0.9347; 2.9
202;3700;1.502;19.9836;75.168;0.015455;16.9231;0.9133; 3.0
205;3750;1.503;20.3995;73.684;0.015081;16.7843;0.8985; 3.0
207;3800;1.503;20.2686;74.154;0.015391;16.8394;0.9140; 3.1
210;3850;1.504;20.6305;72.920;0.015210;16.6748;0.9122; 3.1
213;3900;1.504;20.5736;73.090;0.015492;16.6721;0.9292; 3.1
215;3950;1.504;20.2544;74.237;0.015269;16.7893;0.9094; 3.2
218;4000;1.502;19.9678;75.243;0.015795;16.9024;0.9345; 3.2
220;4050;1.503;20.4615;73.473;0.015505;16.6948;0.9287; 3.3
223;4100;1.504;20.3467;73.935;0.015138;16.7099;0.9060; 3.3
226;4150;1.504;20.0841;74.862;0.016083;16.8095;0.9568; 3.3
228;4200;1.504;20.6121;72.971;0.015466;16.6362;0.9297; 3.4
231;4250;1.504;20.5535;73.188;0.015700;16.6469;0.9431; 3.4
234;4300;1.504;20.2679;74.195;0.015760;16.7415;0.9414; 3.5
236;4350;1.505;20.8131;72.309;0.015374;16.5237;0.9304; 3.5
239;4400;1.505;20.7509;72.528;0.015716;16.5123;0.9518; 3.6
241;4450;1.505;20.4807;73.470;0.015662;16.5913;0.9440; 3.6
244;4500;1.505;20.2483;74.327;0.015831;16.6765;0.9493; 3.6
247;4550;1.506;20.8321;72.286;0.015092;16.4755;0.9160; 3.7
249;4600;1.506;20.7894;72.430;0.015583;16.4807;0.9455; 3.7
252;4650;1.505;20.5454;73.265;0.015714;16.5553;0.9492; 3.8
254;4700;1.505;20.3090;74.104;0.015648;16.6490;0.9399; 3.8
257;4750;1.505;20.0458;75.088;0.015243;16.7346;0.9109; 3.8
260;4800;1.506;20.7133;72.708;0.015213;16.5012;0.9219; 3.9
262;4850;1.507;20.7214;72.726;0.015651;16.4817;0.9496; 3.9
265;4900;1.506;20.4446;73.659;0.015495;16.5594;0.9357; 4.0
267;4950;1.506;20.2068;74.520;0.015352;16.6377;0.9228; 4.0
270;5000;1.506;19.9556;75.446;0.015261;16.7114;0.9132; 4.0
273;5050;1.507;20.6828;72.842;0.015145;16.4407;0.9212; 4.1
275;5100;1.507;20.6828;72.867;0.015278;16.4203;0.9304; 4.1
278;5150;1.507;20.4624;73.634;0.015312;16.4943;0.9283; 4.2
281;5200;1.507;20.2555;74.407;0.015435;16.5467;0.9328; 4.2
283;5250;1.506;20.0085;75.265;0.015429;16.6313;0.9277; 4.2
286;5300;1.507;20.8097;72.421;0.015339;16.3603;0.9376; 4.3
288;5350;1.508;20.8668;72.275;0.015128;16.3405;0.9258; 4.3
291;5400;1.507;20.6446;73.016;0.015523;16.4382;0.9443; 4.4
294;5450;1.507;20.4204;73.802;0.015508;16.5064;0.9395; 4.4
296;5500;1.507;20.2114;74.568;0.015238;16.5618;0.9200; 4.5
299;5550;1.507;20.0051;75.315;0.015996;16.6096;0.9630; 4.5
301;5600;1.508;20.8532;72.309;0.015241;16.2753;0.9365; 4.5
304;5650;1.509;20.8976;72.198;0.015184;16.2259;0.9358; 4.6
307;5700;1.508;20.6657;72.979;0.015447;16.3007;0.9476; 4.6
309;5750;1.508;20.4710;73.682;0.015098;16.3736;0.9221; 4.7
312;5800;1.508;20.2739;74.373;0.015255;16.4114;0.9295; 4.7
314;5850;1.508;20.0682;75.119;0.015278;16.4739;0.9274; 4.7
317;5900;1.509;20.8864;72.251;0.015373;16.1854;0.9498; 4.8
320;5950;1.509;21.1440;71.389;0.015471;16.0848;0.9618; 4.8
322;6000;1.510;20.9684;72.007;0.015027;16.1376;0.9312; 4.9
325;6050;1.509;20.7436;72.764;0.015194;16.2073;0.9375; 4.9
327;6100;1.509;20.5183;73.524;0.015570;16.3068;0.9548; 4.9
330;6150;1.508;20.3369;74.162;0.015619;16.4044;0.9521; 5.0
333;6200;1.509;20.1596;74.835;0.015122;16.4504;0.9192; 5.0
335;6250;1.508;19.9805;75.478;0.015948;16.4773;0.9679; 5.1
338;6300;1.509;20.9473;72.062;0.015182;16.0872;0.9437; 5.1
341;6350;1.511;21.0353;71.813;0.015096;16.0196;0.9424; 5.2
343;6400;1.510;20.8719;72.370;0.015040;16.0834;0.9351; 5.2
346;6450;1.510;20.7264;72.861;0.015142;16.1330;0.9386; 5.2
348;6500;1.510;20.5597;73.423;0.015406;16.1775;0.9523; 5.3
351;6550;1.510;20.3794;74.078;0.015820;16.2343;0.9745; 5.3
354;6600;1.509;20.1591;74.859;0.015672;16.2772;0.9628; 5.4
356;6650;1.508;19.9654;75.554;0.015604;16.3344;0.9553; 5.4
359;6700;1.511;21.1358;71.485;0.014939;15.9229;0.9382; 5.4
361;6750;1.512;21.3687;70.744;0.015240;15.8228;0.9631; 5.5
364;6800;1.511;21.2117;71.243;0.015544;15.8751;0.9791; 5.5
367;6850;1.512;21.0045;71.969;0.015017;15.9033;0.9443; 5.6
369;6900;1.512;20.7965;72.692;0.015447;15.9568;0.9680; 5.6
372;6950;1.511;20.5732;73.427;0.015434;15.9960;0.9649; 5.6
374;7000;1.510;20.4062;74.013;0.015464;16.0691;0.9624; 5.7
377;7050;1.510;20.2581;74.554;0.015291;16.1623;0.9461; 5.7
380;7100;1.510;20.1023;75.100;0.015597;16.2211;0.9615; 5.8
382;7150;1.512;21.2655;71.110;0.014906;15.8054;0.9431; 5.8
385;7200;1.513;21.4222;70.624;0.015199;15.7263;0.9665; 5.9
388;7250;1.513;21.2886;71.084;0.015508;15.7662;0.9836; 5.9
390;7300;1.512;21.1370;71.555;0.015309;15.7858;0.9698; 5.9
393;7350;1.513;21.0018;72.021;0.015102;15.8017;0.9557; 6.0
395;7400;1.513;20.8712;72.475;0.014943;15.8563;0.9424; 6.0
398;7450;1.512;20.7336;72.933;0.015140;15.9228;0.9509; 6.1
401;7500;1.512;20.5889;73.431;0.015197;15.9867;0.9506; 6.1
403;7550;1.512;20.4343;73.973;0.015265;16.0667;0.9501; 6.1
406;7600;1.512;20.2727;74.580;0.015476;16.0978;0.9613; 6.2
408;7650;1.511;20.0835;75.248;0.015154;16.1308;0.9395; 6.2
411;7700;1.513;21.3574;70.850;0.014983;15.6504;0.9574; 6.3
414;7750;1.514;21.5583;70.225;0.015428;15.4862;0.9962; 6.3
416;7800;1.514;21.3936;70.776;0.015146;15.5110;0.9765; 6.4
419;7850;1.514;21.2572;71.219;0.015237;15.5599;0.9792; 6.4
421;7900;1.513;21.1199;71.660;0.015474;15.5986;0.9920; 6.4
424;7950;1.514;21.0101;72.066;0.015504;15.6403;0.9913; 6.5
427;8000;1.513;20.9096;72.364;0.015501;15.6680;0.9893; 6.5
429;8050;1.513;20.7719;72.858;0.015138;15.7061;0.9638; 6.6
432;8100;1.513;20.6193;73.389;0.015070;15.7220;0.9586; 6.6
434;8150;1.513;20.4504;73.965;0.015376;15.7628;0.9754; 6.6
437;8200;1.513;20.3001;74.508;0.015279;15.8294;0.9652; 6.7
440;8250;1.513;20.1561;75.048;0.015636;15.8761;0.9849; 6.7
442;8300;1.512;19.9869;75.628;0.015644;15.9361;0.9817; 6.8
445;8350;1.515;21.4240;70.706;0.014684;15.4269;0.9518; 6.8
447;8400;1.516;21.7447;69.696;0.015325;15.3055;1.0013; 6.9
450;8450;1.516;21.6209;70.102;0.015171;15.3360;0.9892; 6.9
453;8500;1.516;21.5094;70.469;0.015012;15.3761;0.9763; 6.9
455;8550;1.515;21.4020;70.796;0.015371;15.4130;0.9973; 7.0
458;8600;1.516;21.2986;71.173;0.015412;15.4423;0.9981; 7.0
461;8650;1.515;21.1369;71.685;0.015125;15.4534;0.9787; 7.1
463;8700;1.515;20.9862;72.204;0.014948;15.4408;0.9681; 7.1
466;8750;1.514;20.8408;72.659;0.015525;15.4563;1.0044; 7.2
468;8800;1.514;20.7180;73.099;0.015232;15.4902;0.9833; 7.2
471;8850;1.514;20.5943;73.519;0.015411;15.5327;0.9922; 7.2
474;8900;1.514;20.4978;73.880;0.015094;15.5643;0.9698; 7.3
476;8950;1.514;20.3935;74.264;0.015546;15.5973;0.9967; 7.3
479;9000;1.514;20.2617;74.718;0.015226;15.6558;0.9726; 7.4
481;9050;1.513;20.0975;75.306;0.015393;15.7146;0.9795; 7.4
484;9100;1.516;21.5697;70.301;0.014771;15.1854;0.9727; 7.4
487;9150;1.518;21.8375;69.501;0.014940;15.0366;0.9936; 7.5
489;9200;1.517;21.7259;69.824;0.015471;15.0913;1.0252; 7.5
492;9250;1.517;21.6613;70.054;0.015019;15.1238;0.9930; 7.6
495;9300;1.518;21.5944;70.284;0.015437;15.1430;1.0194; 7.6
497;9350;1.517;21.4989;70.584;0.014925;15.1511;0.9851; 7.7
500;9400;1.517;21.3818;70.932;0.015426;15.1691;1.0170; 7.7
502;9450;1.517;21.2129;71.512;0.015025;15.1750;0.9901; 7.7
505;9500;1.516;21.0212;72.139;0.015244;15.1801;1.0042; 7.8
508;9550;1.516;20.8824;72.594;0.015512;15.2506;1.0171; 7.8
510;9600;1.516;20.7732;72.971;0.015482;15.3005;1.0118; 7.9
513;9650;1.517;20.7073;73.258;0.015224;15.3297;0.9931; 7.9
515;9700;1.516;20.6369;73.468;0.015116;15.3507;0.9847; 8.0
518;9750;1.515;20.5345;73.803;0.015477;15.3550;1.0079; 8.0
521;9800;1.516;20.4187;74.226;0.015266;15.3568;0.9941; 8.0
523;9850;1.516;20.2906;74.696;0.015149;15.3751;0.9853; 8.1
526;9900;1.515;20.1383;75.246;0.015220;15.3786;0.9897; 8.1
528;9950;1.515;20.0057;75.716;0.015487;15.4283;1.0038; 8.2
