Messreihe Ladevorgang Akku: AC ist Effektivwert
Frequenz: 100 Hz, Sin-Min: 100 mA, Sin-Max: 120 mA

t [s]; U_DC [v]; I_DC [mA]; R_DC [Ohm]; U_AC [v]; I_AC [mA]; R_Diff [Ohm]; C [mAh] 

0;1.424;93.2902;15.261;0.008833;6.9114;1.2780; 0.5
5;1.434;93.2893;15.368;0.007779;6.9103;1.1257; 0.9
10;1.459;93.2919;15.639;0.006532;6.9119;0.9450; 1.4
15;1.471;93.2880;15.768;0.006289;6.9117;0.9099; 1.9
20;1.482;93.2870;15.882;0.006147;6.9117;0.8893; 2.3
25;1.491;93.2846;15.987;0.006046;6.9109;0.8748; 2.8
30;1.500;93.2825;16.082;0.005953;6.9122;0.8613; 3.3
35;1.508;93.2767;16.171;0.005887;6.9119;0.8517; 3.7
40;1.516;93.2744;16.255;0.005828;6.9102;0.8434; 4.2
45;1.524;93.2727;16.335;0.005783;6.9107;0.8368; 4.7
50;1.530;93.2709;16.409;0.005735;6.9115;0.8297; 5.1
55;1.536;93.2715;16.473;0.005692;6.9116;0.8236; 5.6
60;1.542;93.2687;16.530;0.005651;6.9110;0.8177; 6.1
65;1.546;93.2645;16.579;0.005625;6.9114;0.8139; 6.5
70;1.550;93.2663;16.622;0.005600;6.9112;0.8103; 7.0
75;1.554;93.2626;16.660;0.005576;6.9114;0.8068; 7.5
80;1.557;93.2611;16.695;0.005552;6.9100;0.8034; 7.9
85;1.560;93.2608;16.725;0.005528;6.9105;0.7999; 8.4
90;1.562;93.2575;16.754;0.005509;6.9103;0.7972; 8.9
95;1.565;93.2554;16.780;0.005490;6.9096;0.7946; 9.3
100;1.567;93.2553;16.803;0.005469;6.9102;0.7915; 9.8
105;1.569;93.2547;16.825;0.005448;6.9111;0.7883;10.3
110;1.571;93.2578;16.844;0.005427;6.9110;0.7853;10.7
116;1.573;93.2534;16.864;0.005412;6.9109;0.7831;11.2
121;1.574;93.2514;16.882;0.005394;6.9102;0.7806;11.7
126;1.576;93.2523;16.898;0.005376;6.9110;0.7779;12.1
131;1.577;93.2510;16.914;0.005360;6.9097;0.7757;12.6
136;1.579;93.2507;16.929;0.005344;6.9106;0.7733;13.1
141;1.580;93.2496;16.944;0.005329;6.9102;0.7711;13.5
146;1.581;93.2470;16.958;0.005315;6.9103;0.7691;14.0
151;1.583;93.2460;16.971;0.005301;6.9103;0.7671;14.5
156;1.584;93.2464;16.984;0.005288;6.9110;0.7651;14.9
161;1.585;93.2446;16.996;0.005275;6.9103;0.7633;15.4
166;1.586;93.2440;17.008;0.005261;6.9104;0.7613;15.9
171;1.587;93.2409;17.020;0.005249;6.9105;0.7595;16.3
176;1.588;93.2399;17.031;0.005236;6.9110;0.7576;16.8
181;1.589;93.2397;17.041;0.005222;6.9113;0.7555;17.3
186;1.590;93.2402;17.052;0.005211;6.9099;0.7541;17.7
191;1.591;93.2371;17.063;0.005199;6.9101;0.7524;18.2
196;1.592;93.2360;17.073;0.005188;6.9106;0.7508;18.7
201;1.593;93.2355;17.083;0.005178;6.9108;0.7493;19.1
206;1.594;93.2341;17.092;0.005167;6.9098;0.7478;19.6
211;1.594;93.2333;17.102;0.005159;6.9103;0.7466;20.1
216;1.595;93.2353;17.111;0.005151;6.9102;0.7454;20.5
221;1.596;93.2318;17.121;0.005142;6.9106;0.7440;21.0
226;1.597;93.2329;17.129;0.005133;6.9096;0.7428;21.4
231;1.598;93.2294;17.138;0.005122;6.9103;0.7413;21.9
236;1.599;93.2311;17.146;0.005112;6.9105;0.7397;22.4
241;1.599;93.2273;17.155;0.005104;6.9092;0.7387;22.8
246;1.600;93.2278;17.162;0.005097;6.9097;0.7376;23.3
251;1.601;93.2242;17.171;0.005085;6.9094;0.7360;23.8
256;1.601;93.2231;17.179;0.005078;6.9094;0.7349;24.2
261;1.602;93.2243;17.186;0.005071;6.9102;0.7338;24.7
266;1.603;93.2226;17.193;0.005062;6.9092;0.7327;25.2
272;1.604;93.2237;17.201;0.005054;6.9108;0.7313;25.6
277;1.604;93.2229;17.208;0.005046;6.9088;0.7304;26.1
282;1.605;93.2199;17.215;0.005040;6.9090;0.7295;26.6
287;1.605;93.2209;17.222;0.005033;6.9107;0.7283;27.0
292;1.606;93.2218;17.229;0.005026;6.9087;0.7275;27.5
297;1.607;93.2214;17.236;0.005020;6.9101;0.7264;28.0
302;1.607;93.2172;17.243;0.005014;6.9107;0.7255;28.4
307;1.608;93.2165;17.250;0.005008;6.9109;0.7247;28.9
312;1.609;93.2182;17.256;0.005002;6.9099;0.7240;29.4
317;1.609;93.2150;17.263;0.004998;6.9103;0.7232;29.8
322;1.610;93.2173;17.269;0.004994;6.9098;0.7227;30.3
327;1.610;93.2177;17.275;0.004989;6.9106;0.7220;30.8
332;1.611;93.2164;17.281;0.004985;6.9095;0.7214;31.2
337;1.611;93.2148;17.288;0.004982;6.9109;0.7209;31.7
342;1.612;93.2152;17.294;0.004979;6.9105;0.7205;32.2
347;1.613;93.2137;17.300;0.004976;6.9103;0.7201;32.6
352;1.613;93.2113;17.306;0.004974;6.9108;0.7197;33.1
357;1.614;93.2127;17.312;0.004973;6.9100;0.7196;33.6
362;1.614;93.2137;17.318;0.004971;6.9095;0.7194;34.0
367;1.615;93.2130;17.323;0.004968;6.9104;0.7189;34.5
372;1.615;93.2146;17.329;0.004964;6.9101;0.7184;35.0
377;1.616;93.2133;17.335;0.004964;6.9101;0.7184;35.4
382;1.616;93.2093;17.341;0.004963;6.9100;0.7182;35.9
387;1.617;93.2091;17.346;0.004963;6.9107;0.7182;36.4
392;1.617;93.2091;17.352;0.004963;6.9095;0.7183;36.8
397;1.618;93.2095;17.357;0.004965;6.9106;0.7184;37.3
402;1.618;93.2069;17.363;0.004965;6.9105;0.7184;37.8
407;1.619;93.2067;17.369;0.004964;6.9107;0.7183;38.2
412;1.619;93.2060;17.375;0.004966;6.9099;0.7186;38.7
417;1.620;93.2049;17.380;0.004965;6.9098;0.7186;39.2
422;1.620;93.2083;17.385;0.004967;6.9106;0.7188;39.6
427;1.621;93.2054;17.391;0.004967;6.9108;0.7187;40.1
432;1.621;93.2032;17.396;0.004966;6.9104;0.7186;40.6
437;1.622;93.2060;17.400;0.004965;6.9108;0.7185;41.0
443;1.622;93.2028;17.406;0.004964;6.9105;0.7184;41.5
448;1.623;93.2046;17.410;0.004963;6.9109;0.7182;42.0
453;1.623;93.2042;17.415;0.004963;6.9110;0.7181;42.4
458;1.624;93.2015;17.421;0.004964;6.9099;0.7185;42.9
463;1.624;93.2007;17.426;0.004965;6.9111;0.7184;43.4
468;1.625;93.2033;17.431;0.004965;6.9103;0.7185;43.8
473;1.625;93.2003;17.437;0.004968;6.9114;0.7188;44.3
478;1.626;93.2007;17.442;0.004972;6.9097;0.7195;44.8
483;1.626;93.2044;17.446;0.004972;6.9102;0.7196;45.2
488;1.627;93.2018;17.452;0.004972;6.9095;0.7195;45.7
493;1.627;93.2004;17.457;0.004974;6.9101;0.7198;46.2
498;1.627;93.1991;17.462;0.004976;6.9103;0.7200;46.6
503;1.628;93.2011;17.467;0.004979;6.9099;0.7205;47.1
508;1.628;93.1984;17.472;0.004980;6.9095;0.7208;47.5
513;1.629;93.1983;17.477;0.004981;6.9095;0.7208;48.0
518;1.629;93.1996;17.482;0.004982;6.9107;0.7209;48.5
523;1.630;93.1992;17.487;0.004985;6.9092;0.7215;48.9
528;1.630;93.1985;17.492;0.004985;6.9101;0.7214;49.4
533;1.631;93.1983;17.497;0.004983;6.9096;0.7212;49.9
538;1.631;93.1942;17.503;0.004988;6.9100;0.7218;50.3
543;1.632;93.1941;17.508;0.004993;6.9092;0.7226;50.8
548;1.632;93.1931;17.513;0.004995;6.9089;0.7229;51.3
553;1.633;93.1928;17.519;0.005000;6.9091;0.7236;51.7
558;1.633;93.1929;17.524;0.005003;6.9092;0.7241;52.2
563;1.634;93.1924;17.530;0.005008;6.9091;0.7248;52.7
568;1.634;93.1918;17.535;0.005012;6.9095;0.7253;53.1
573;1.635;93.1920;17.540;0.005014;6.9091;0.7256;53.6
578;1.635;93.1926;17.546;0.005018;6.9093;0.7262;54.1
583;1.636;93.1930;17.551;0.005023;6.9104;0.7268;54.5
588;1.636;93.1940;17.557;0.005029;6.9097;0.7279;55.0
593;1.637;93.1907;17.564;0.005038;6.9086;0.7293;55.5
598;1.637;93.1904;17.569;0.005037;6.9093;0.7290;55.9
603;1.638;93.1914;17.575;0.005043;6.9087;0.7300;56.4
608;1.638;93.1898;17.582;0.005050;6.9096;0.7309;56.9
614;1.639;93.1869;17.589;0.005059;6.9084;0.7323;57.3
619;1.640;93.1884;17.596;0.005069;6.9085;0.7338;57.8
624;1.640;93.1880;17.602;0.005074;6.9090;0.7344;58.3
629;1.641;93.1890;17.608;0.005081;6.9101;0.7353;58.7
634;1.641;93.1883;17.613;0.005072;6.9085;0.7342;59.2
639;1.642;93.1883;17.619;0.005080;6.9079;0.7354;59.7
644;1.642;93.1871;17.626;0.005090;6.9095;0.7366;60.1
649;1.643;93.1842;17.633;0.005102;6.9093;0.7384;60.6
654;1.644;93.1884;17.640;0.005111;6.9089;0.7398;61.1
659;1.644;93.1877;17.647;0.005118;6.9088;0.7407;61.5
664;1.645;93.1874;17.654;0.005128;6.9095;0.7422;62.0
669;1.646;93.1850;17.659;0.005121;6.9097;0.7411;62.5
674;1.646;93.1853;17.665;0.005128;6.9089;0.7422;62.9
679;1.647;93.1843;17.673;0.005139;6.9094;0.7438;63.4
684;1.648;93.1833;17.681;0.005155;6.9092;0.7460;63.9
689;1.648;93.1831;17.688;0.005161;6.9094;0.7469;64.3
694;1.649;93.1842;17.695;0.005174;6.9094;0.7489;64.8
699;1.649;93.1829;17.702;0.005170;6.9091;0.7483;65.3
704;1.650;93.1840;17.710;0.005190;6.9097;0.7511;65.7
709;1.651;93.1823;17.719;0.005209;6.9092;0.7539;66.2
714;1.652;93.1829;17.728;0.005228;6.9096;0.7566;66.7
719;1.653;93.1854;17.735;0.005232;6.9091;0.7573;67.1
724;1.653;93.1830;17.744;0.005246;6.9095;0.7592;67.6
729;1.654;93.1827;17.754;0.005269;6.9101;0.7624;68.1
734;1.655;93.1839;17.764;0.005295;6.9095;0.7663;68.5
739;1.656;93.1803;17.773;0.005302;6.9093;0.7673;69.0
744;1.657;93.1828;17.782;0.005322;6.9092;0.7703;69.4
749;1.658;93.1780;17.792;0.005344;6.9097;0.7734;69.9
754;1.659;93.1797;17.801;0.005354;6.9097;0.7749;70.4
759;1.660;93.1770;17.812;0.005381;6.9097;0.7788;70.8
764;1.661;93.1801;17.823;0.005416;6.9095;0.7838;71.3
769;1.662;93.1822;17.831;0.005428;6.9095;0.7856;71.8
774;1.663;93.1804;17.842;0.005456;6.9093;0.7896;72.2
779;1.664;93.1807;17.854;0.005489;6.9104;0.7943;72.7
785;1.665;93.1785;17.865;0.005520;6.9094;0.7989;73.2
790;1.666;93.1793;17.878;0.005560;6.9100;0.8046;73.6
795;1.667;93.1803;17.892;0.005609;6.9096;0.8118;74.1
800;1.668;93.1811;17.903;0.005638;6.9090;0.8160;74.6
805;1.669;93.1816;17.913;0.005659;6.9098;0.8189;75.0
810;1.670;93.1811;17.926;0.005694;6.9106;0.8240;75.5
815;1.672;93.1812;17.938;0.005735;6.9095;0.8299;76.0
820;1.673;93.1759;17.951;0.005766;6.9096;0.8345;76.4
825;1.674;93.1784;17.965;0.005817;6.9097;0.8418;76.9
830;1.675;93.1792;17.979;0.005859;6.9099;0.8479;77.4
835;1.677;93.1770;17.994;0.005911;6.9090;0.8556;77.8
840;1.678;93.1786;18.009;0.005961;6.9088;0.8628;78.3
845;1.680;93.1782;18.027;0.006034;6.9093;0.8733;78.8
850;1.681;93.1782;18.042;0.006082;6.9080;0.8804;79.2
855;1.683;93.1797;18.058;0.006139;6.9086;0.8886;79.7
860;1.684;93.1764;18.074;0.006188;6.9089;0.8956;80.2
865;1.686;93.1764;18.091;0.006249;6.9083;0.9046;80.6
870;1.687;93.1755;18.111;0.006321;6.9093;0.9148;81.1
875;1.689;93.1761;18.128;0.006375;6.9092;0.9227;81.6
880;1.691;93.1767;18.143;0.006428;6.9097;0.9303;82.0
885;1.691;93.1763;18.148;0.006402;6.9094;0.9265;82.5
890;1.692;93.1779;18.160;0.006421;6.9101;0.9292;83.0
895;1.694;93.1749;18.177;0.006477;6.9094;0.9374;83.4
900;1.695;93.1752;18.192;0.006505;6.9097;0.9414;83.9
905;1.696;93.1771;18.204;0.006519;6.9095;0.9435;84.4
910;1.698;93.1732;18.228;0.006616;6.9098;0.9574;84.8
915;1.700;93.1737;18.250;0.006693;6.9100;0.9686;85.3
920;1.701;93.1770;18.253;0.006658;6.9106;0.9634;85.8
925;1.702;93.1759;18.270;0.006713;6.9091;0.9717;86.2
930;1.703;93.1756;18.281;0.006708;6.9101;0.9708;86.7
935;1.705;93.1722;18.297;0.006748;6.9092;0.9767;87.2
940;1.706;93.1724;18.310;0.006762;6.9101;0.9786;87.6
945;1.707;93.1713;18.326;0.006805;6.9098;0.9848;88.1
950;1.709;93.1736;18.342;0.006843;6.9090;0.9905;88.5
956;1.710;93.1726;18.355;0.006863;6.9099;0.9932;89.0
961;1.711;93.1727;18.369;0.006883;6.9083;0.9963;89.5
966;1.713;93.1734;18.381;0.006892;6.9089;0.9975;89.9
971;1.714;93.1728;18.401;0.006954;6.9083;1.0066;90.4
976;1.716;93.1704;18.422;0.007017;6.9082;1.0158;90.9
981;1.717;93.1757;18.430;0.007001;6.9080;1.0135;91.3
986;1.718;93.1738;18.444;0.007028;6.9092;1.0173;91.8
